M = [
    1  0  0 -1  0  0  0;
    0  1  0 -1  1  0  0;
    0  0  1  0  1  0  0;
    1  0  0  0  0 -1  0;
    0  1  0  0  0 -1  1;
    0  0  1  0  0  0  1
];

b = [120;
     240;
      90;
     200;
     450;
     220
]; 
